4 4
-------Topology--------
-1 1 0 0 1 0 0 0 0 0 0 0 0 0 0 0 
1 -1 1 0 0 1 0 0 0 0 0 0 0 0 0 0 
0 1 -1 1 0 0 1 0 0 0 0 0 0 0 0 0 
0 0 1 -1 0 0 0 1 0 0 0 0 0 0 0 0 
1 0 0 0 -1 1 0 0 1 0 0 0 0 0 0 0 
0 1 0 0 1 -1 1 0 0 1 0 0 0 0 0 0 
0 0 1 0 0 1 -1 1 0 0 1 0 0 0 0 0 
0 0 0 1 0 0 1 -1 0 0 0 1 0 0 0 0 
0 0 0 0 1 0 0 0 -1 1 0 0 1 0 0 0 
0 0 0 0 0 1 0 0 1 -1 1 0 0 1 0 0 
0 0 0 0 0 0 1 0 0 1 -1 1 0 0 1 0 
0 0 0 0 0 0 0 1 0 0 1 -1 0 0 0 1 
0 0 0 0 0 0 0 0 1 0 0 0 -1 1 0 0 
0 0 0 0 0 0 0 0 0 1 0 0 1 -1 1 0 
0 0 0 0 0 0 0 0 0 0 1 0 0 1 -1 1 
0 0 0 0 0 0 0 0 0 0 0 1 0 0 1 -1 

-------SpinRing--------
16

0 1
0 4
1 0
1 2
1 5
2 1
2 3
2 6
3 2
3 7
4 0
4 5
4 8
5 1
5 4
5 6
5 9
6 2
6 5
6 7
6 10
7 3
7 6
7 11
8 4
8 9
8 12
9 5
9 8
9 10
9 13
10 6
10 9
10 11
10 14
11 7
11 10
11 15
12 8
12 13
13 9
13 12
13 14
14 10
14 13
14 15
15 11
15 14

-------UP/DOWN--------
- d - - d - - - - - - - - - - - 
u - d - - d - - - - - - - - - - 
- u - d - - d - - - - - - - - - 
- - u - - - - d - - - - - - - - 
u - - - - d - - d - - - - - - - 
- u - - u - d - - d - - - - - - 
- - u - - u - d - - d - - - - - 
- - - u - - u - - - - d - - - - 
- - - - u - - - - d - - d - - - 
- - - - - u - - u - d - - d - - 
- - - - - - u - - u - d - - d - 
- - - - - - - u - - u - - - - d 
- - - - - - - - u - - - - d - - 
- - - - - - - - - u - - u - d - 
- - - - - - - - - - u - - u - d 
- - - - - - - - - - - u - - u - 

-------UP/DOWN_PATHS--------
 [ 0]-----: [1] :
0 1 

 [ 0]-----: [2] :
0 1 2 

 [ 0]-----: [3] :
0 1 2 3 

 [ 0]-----: [4] :
0 4 

 [ 0]-----: [5] :
0 1 5 

 [ 0]-----: [6] :
0 1 2 6 

 [ 0]-----: [7] :
0 1 2 3 7 

 [ 0]-----: [8] :
0 4 8 

 [ 0]-----: [9] :
0 1 5 9 

 [ 0]-----: [10] :
0 1 2 6 10 

 [ 0]-----: [11] :
0 1 2 3 7 11 

 [ 0]-----: [12] :
0 4 8 12 

 [ 0]-----: [13] :
0 1 5 9 13 

 [ 0]-----: [14] :
0 1 2 6 10 14 

 [ 0]-----: [15] :
0 1 2 3 7 11 15 

 [ 1]-----: [0] :
1 0 

 [ 1]-----: [2] :
1 2 

 [ 1]-----: [3] :
1 2 3 

 [ 1]-----: [4] :
1 0 4 

 [ 1]-----: [5] :
1 5 

 [ 1]-----: [6] :
1 2 6 

 [ 1]-----: [7] :
1 2 3 7 

 [ 1]-----: [8] :
1 0 4 8 

 [ 1]-----: [9] :
1 5 9 

 [ 1]-----: [10] :
1 2 6 10 

 [ 1]-----: [11] :
1 2 3 7 11 

 [ 1]-----: [12] :
1 0 4 8 12 

 [ 1]-----: [13] :
1 5 9 13 

 [ 1]-----: [14] :
1 2 6 10 14 

 [ 1]-----: [15] :
1 2 3 7 11 15 

 [ 2]-----: [0] :
2 1 0 

 [ 2]-----: [1] :
2 1 

 [ 2]-----: [3] :
2 3 

 [ 2]-----: [4] :
2 1 0 4 

 [ 2]-----: [5] :
2 1 0 4 5 

 [ 2]-----: [6] :
2 6 

 [ 2]-----: [7] :
2 3 7 

 [ 2]-----: [8] :
2 1 0 4 8 

 [ 2]-----: [9] :
2 1 0 4 5 9 

 [ 2]-----: [10] :
2 6 10 

 [ 2]-----: [11] :
2 3 7 11 

 [ 2]-----: [12] :
2 1 0 4 8 12 

 [ 2]-----: [13] :
2 1 0 4 5 9 13 

 [ 2]-----: [14] :
2 6 10 14 

 [ 2]-----: [15] :
2 3 7 11 15 

 [ 3]-----: [0] :
3 2 1 0 

 [ 3]-----: [1] :
3 2 1 

 [ 3]-----: [2] :
3 2 

 [ 3]-----: [4] :
3 2 1 0 4 

 [ 3]-----: [5] :
3 2 1 0 4 5 

 [ 3]-----: [6] :
3 2 1 0 4 5 6 

 [ 3]-----: [7] :
3 7 

 [ 3]-----: [8] :
3 2 1 0 4 8 

 [ 3]-----: [9] :
3 2 1 0 4 5 9 

 [ 3]-----: [10] :
3 2 1 0 4 5 6 10 

 [ 3]-----: [11] :
3 7 11 

 [ 3]-----: [12] :
3 2 1 0 4 8 12 

 [ 3]-----: [13] :
3 2 1 0 4 5 9 13 

 [ 3]-----: [14] :
3 2 1 0 4 5 6 10 14 

 [ 3]-----: [15] :
3 7 11 15 

 [ 4]-----: [0] :
4 0 

 [ 4]-----: [1] :
4 0 1 

 [ 4]-----: [2] :
4 0 1 2 

 [ 4]-----: [3] :
4 0 1 2 3 

 [ 4]-----: [5] :
4 5 

 [ 4]-----: [6] :
4 5 6 

 [ 4]-----: [7] :
4 0 1 2 3 7 

 [ 4]-----: [8] :
4 8 

 [ 4]-----: [9] :
4 5 9 

 [ 4]-----: [10] :
4 5 6 10 

 [ 4]-----: [11] :
4 0 1 2 3 7 11 

 [ 4]-----: [12] :
4 8 12 

 [ 4]-----: [13] :
4 5 9 13 

 [ 4]-----: [14] :
4 5 6 10 14 

 [ 4]-----: [15] :
4 0 1 2 3 7 11 15 

 [ 5]-----: [0] :
5 1 0 

 [ 5]-----: [1] :
5 1 

 [ 5]-----: [2] :
5 1 2 

 [ 5]-----: [3] :
5 1 2 3 

 [ 5]-----: [4] :
5 1 0 4 

 [ 5]-----: [6] :
5 6 

 [ 5]-----: [7] :
5 1 2 3 7 

 [ 5]-----: [8] :
5 1 0 4 8 

 [ 5]-----: [9] :
5 9 

 [ 5]-----: [10] :
5 6 10 

 [ 5]-----: [11] :
5 1 0 4 8 9 10 11 

 [ 5]-----: [12] :
5 1 0 4 8 12 

 [ 5]-----: [13] :
5 9 13 

 [ 5]-----: [14] :
5 6 10 14 

 [ 5]-----: [15] :
5 1 0 4 8 9 10 11 15 

 [ 6]-----: [0] :
6 2 1 0 

 [ 6]-----: [1] :
6 2 1 

 [ 6]-----: [2] :
6 2 

 [ 6]-----: [3] :
6 2 3 

 [ 6]-----: [4] :
6 2 1 0 4 

 [ 6]-----: [5] :
6 2 1 0 4 5 

 [ 6]-----: [7] :
6 2 3 7 

 [ 6]-----: [8] :
6 2 1 0 4 8 

 [ 6]-----: [9] :
6 2 1 0 4 5 9 

 [ 6]-----: [10] :
6 10 

 [ 6]-----: [11] :
6 2 1 0 4 5 9 10 11 

 [ 6]-----: [12] :
6 2 1 0 4 8 12 

 [ 6]-----: [13] :
6 2 1 0 4 5 9 13 

 [ 6]-----: [14] :
6 10 14 

 [ 6]-----: [15] :
6 2 1 0 4 5 9 10 11 15 

 [ 7]-----: [0] :
7 3 2 1 0 

 [ 7]-----: [1] :
7 3 2 1 

 [ 7]-----: [2] :
7 3 2 

 [ 7]-----: [3] :
7 3 

 [ 7]-----: [4] :
7 3 2 1 0 4 

 [ 7]-----: [5] :
7 3 2 1 0 4 5 

 [ 7]-----: [6] :
7 3 2 1 0 4 5 6 

 [ 7]-----: [8] :
7 3 2 1 0 4 8 

 [ 7]-----: [9] :
7 3 2 1 0 4 5 9 

 [ 7]-----: [10] :
7 3 2 1 0 4 5 6 10 

 [ 7]-----: [11] :
7 11 

 [ 7]-----: [12] :
7 3 2 1 0 4 8 12 

 [ 7]-----: [13] :
7 3 2 1 0 4 5 9 13 

 [ 7]-----: [14] :
7 3 2 1 0 4 5 6 10 14 

 [ 7]-----: [15] :
7 11 15 

 [ 8]-----: [0] :
8 4 0 

 [ 8]-----: [1] :
8 4 0 1 

 [ 8]-----: [2] :
8 4 0 1 2 

 [ 8]-----: [3] :
8 4 0 1 2 3 

 [ 8]-----: [4] :
8 4 

 [ 8]-----: [5] :
8 4 0 1 5 

 [ 8]-----: [6] :
8 4 0 1 2 6 

 [ 8]-----: [7] :
8 4 0 1 2 3 7 

 [ 8]-----: [9] :
8 9 

 [ 8]-----: [10] :
8 9 10 

 [ 8]-----: [11] :
8 9 10 11 

 [ 8]-----: [12] :
8 12 

 [ 8]-----: [13] :
8 4 0 1 5 9 13 

 [ 8]-----: [14] :
8 4 0 1 2 6 10 14 

 [ 8]-----: [15] :
8 9 10 11 15 

 [ 9]-----: [0] :
9 5 1 0 

 [ 9]-----: [1] :
9 5 1 

 [ 9]-----: [2] :
9 5 1 2 

 [ 9]-----: [3] :
9 5 1 2 3 

 [ 9]-----: [4] :
9 5 1 0 4 

 [ 9]-----: [5] :
9 5 

 [ 9]-----: [6] :
9 5 1 2 6 

 [ 9]-----: [7] :
9 5 1 2 3 7 

 [ 9]-----: [8] :
9 5 1 0 4 8 

 [ 9]-----: [10] :
9 10 

 [ 9]-----: [11] :
9 10 11 

 [ 9]-----: [12] :
9 5 1 0 4 8 12 

 [ 9]-----: [13] :
9 13 

 [ 9]-----: [14] :
9 5 1 0 4 8 12 13 14 

 [ 9]-----: [15] :
9 10 11 15 

 [ 10]-----: [0] :
10 6 2 1 0 

 [ 10]-----: [1] :
10 6 2 1 

 [ 10]-----: [2] :
10 6 2 

 [ 10]-----: [3] :
10 6 2 3 

 [ 10]-----: [4] :
10 6 2 1 0 4 

 [ 10]-----: [5] :
10 6 2 1 0 4 5 

 [ 10]-----: [6] :
10 6 

 [ 10]-----: [7] :
10 6 2 3 7 

 [ 10]-----: [8] :
10 6 2 1 0 4 8 

 [ 10]-----: [9] :
10 6 2 1 0 4 5 9 

 [ 10]-----: [11] :
10 11 

 [ 10]-----: [12] :
10 6 2 1 0 4 8 12 

 [ 10]-----: [13] :
10 6 2 1 0 4 5 9 13 

 [ 10]-----: [14] :
10 14 

 [ 10]-----: [15] :
10 11 15 

 [ 11]-----: [0] :
11 7 3 2 1 0 

 [ 11]-----: [1] :
11 7 3 2 1 

 [ 11]-----: [2] :
11 7 3 2 

 [ 11]-----: [3] :
11 7 3 

 [ 11]-----: [4] :
11 7 3 2 1 0 4 

 [ 11]-----: [5] :
11 7 3 2 1 0 4 5 

 [ 11]-----: [6] :
11 7 3 2 1 0 4 5 6 

 [ 11]-----: [7] :
11 7 

 [ 11]-----: [8] :
11 7 3 2 1 0 4 8 

 [ 11]-----: [9] :
11 7 3 2 1 0 4 5 9 

 [ 11]-----: [10] :
11 7 3 2 1 0 4 5 6 10 

 [ 11]-----: [12] :
11 7 3 2 1 0 4 8 12 

 [ 11]-----: [13] :
11 7 3 2 1 0 4 5 9 13 

 [ 11]-----: [14] :
11 7 3 2 1 0 4 5 6 10 14 

 [ 11]-----: [15] :
11 15 

 [ 12]-----: [0] :
12 8 4 0 

 [ 12]-----: [1] :
12 8 4 0 1 

 [ 12]-----: [2] :
12 8 4 0 1 2 

 [ 12]-----: [3] :
12 8 4 0 1 2 3 

 [ 12]-----: [4] :
12 8 4 

 [ 12]-----: [5] :
12 8 4 0 1 5 

 [ 12]-----: [6] :
12 8 4 0 1 2 6 

 [ 12]-----: [7] :
12 8 4 0 1 2 3 7 

 [ 12]-----: [8] :
12 8 

 [ 12]-----: [9] :
12 8 4 0 1 5 9 

 [ 12]-----: [10] :
12 8 4 0 1 2 6 10 

 [ 12]-----: [11] :
12 8 4 0 1 2 3 7 11 

 [ 12]-----: [13] :
12 13 

 [ 12]-----: [14] :
12 13 14 

 [ 12]-----: [15] :
12 8 4 0 1 2 3 7 11 15 

 [ 13]-----: [0] :
13 9 5 1 0 

 [ 13]-----: [1] :
13 9 5 1 

 [ 13]-----: [2] :
13 9 5 1 2 

 [ 13]-----: [3] :
13 9 5 1 2 3 

 [ 13]-----: [4] :
13 9 5 1 0 4 

 [ 13]-----: [5] :
13 9 5 

 [ 13]-----: [6] :
13 9 5 1 2 6 

 [ 13]-----: [7] :
13 9 5 1 2 3 7 

 [ 13]-----: [8] :
13 9 5 1 0 4 8 

 [ 13]-----: [9] :
13 9 

 [ 13]-----: [10] :
13 9 5 1 2 6 10 

 [ 13]-----: [11] :
13 9 5 1 2 3 7 11 

 [ 13]-----: [12] :
13 9 5 1 0 4 8 12 

 [ 13]-----: [14] :
13 14 

 [ 13]-----: [15] :
13 9 5 1 2 3 7 11 15 

 [ 14]-----: [0] :
14 10 6 2 1 0 

 [ 14]-----: [1] :
14 10 6 2 1 

 [ 14]-----: [2] :
14 10 6 2 

 [ 14]-----: [3] :
14 10 6 2 3 

 [ 14]-----: [4] :
14 10 6 2 1 0 4 

 [ 14]-----: [5] :
14 10 6 2 1 0 4 5 

 [ 14]-----: [6] :
14 10 6 

 [ 14]-----: [7] :
14 10 6 2 3 7 

 [ 14]-----: [8] :
14 10 6 2 1 0 4 8 

 [ 14]-----: [9] :
14 10 6 2 1 0 4 5 9 

 [ 14]-----: [10] :
14 10 

 [ 14]-----: [11] :
14 10 6 2 3 7 11 

 [ 14]-----: [12] :
14 10 6 2 1 0 4 8 12 

 [ 14]-----: [13] :
14 10 6 2 1 0 4 5 9 13 

 [ 14]-----: [15] :
14 10 6 2 3 7 11 15 

 [ 15]-----: [0] :
15 11 7 3 2 1 0 

 [ 15]-----: [1] :
15 11 7 3 2 1 

 [ 15]-----: [2] :
15 11 7 3 2 

 [ 15]-----: [3] :
15 11 7 3 

 [ 15]-----: [4] :
15 11 7 3 2 1 0 4 

 [ 15]-----: [5] :
15 11 7 3 2 1 0 4 5 

 [ 15]-----: [6] :
15 11 7 3 2 1 0 4 5 6 

 [ 15]-----: [7] :
15 11 7 

 [ 15]-----: [8] :
15 11 7 3 2 1 0 4 8 

 [ 15]-----: [9] :
15 11 7 3 2 1 0 4 5 9 

 [ 15]-----: [10] :
15 11 7 3 2 1 0 4 5 6 10 

 [ 15]-----: [11] :
15 11 

 [ 15]-----: [12] :
15 11 7 3 2 1 0 4 8 12 

 [ 15]-----: [13] :
15 11 7 3 2 1 0 4 5 9 13 

 [ 15]-----: [14] :
15 11 7 3 2 1 0 4 5 6 10 14 

